15 0 1 0
9 4 1
6 7 2
10 3 1
11 2 2
9 3 1
7 3 2
11 3 1
12 3 2
7 4 1
6 4 2
5 5 1
10 4 2
6 5 1
9 2 2
10 2 1
5 6 2
5 4 1
11 1 2
4 3 1
3 2 2
0 0 0 0 0 0 0 0 0 0 2 0 0 0 0 
0 0 2 0 0 0 0 2 2 1 2 0 0 0 0 
0 0 0 1 0 0 2 1 1 1 1 2 0 0 0 
0 0 0 0 1 2 1 1 1 2 0 0 0 0 0 
0 0 0 0 1 1 2 1 0 0 0 0 0 0 0 
0 0 0 0 2 2 1 1 2 0 0 0 0 0 0 
0 0 0 0 0 2 0 2 0 0 0 0 0 0 0 
0 0 0 0 0 0 0 0 0 0 0 0 0 0 0 
0 0 0 0 0 0 0 0 0 0 0 0 0 0 0 
0 0 0 0 0 0 0 0 0 0 0 0 0 0 0 
0 0 0 0 0 0 0 0 0 0 0 0 0 0 0 
0 0 0 0 0 0 0 0 0 0 0 0 0 0 0 
0 0 0 0 0 0 0 0 0 0 0 0 0 0 0 
0 0 0 0 0 0 0 0 0 0 0 0 0 0 0 
0 0 0 0 0 0 0 0 0 0 0 0 0 0 0 
